00 04 1e 00
00 08 04 00
00 08 0b 00
00 08 12 00
00 08 00 00
00 08 01 00
00 08 02 ff
08 08 02 08
00 08 1e 00
00 08 02 00
00 08 03 ff
00 08 03 08
00 08 1e 00
00 08 03 00
00 08 04 ff
00 08 04 08
00 08 1e 00
00 08 04 00
00 08 05 ff
00 08 05 08
00 08 1e 00
00 08 05 00
00 08 06 ff
00 08 06 08
00 08 1e 00
00 08 06 00
00 08 07 00
00 08 08 00
00 08 09 ff
00 08 09 08
00 08 1e 00
00 08 09 00
00 08 0a ff
00 08 0a 08
00 08 1e 00
00 08 0a 00
00 08 0b ff
00 08 0b 08
00 08 1e 00
00 08 0b 00
00 08 0c ff
00 08 0c 08
00 08 1e 00
00 08 0c 00
00 08 0d ff
00 08 0d 08
00 08 1e 00
00 08 0d 00
00 08 0e 00
00 08 0f 00
00 08 10 ff
00 08 10 08
00 08 1e 00
00 08 10 00
00 08 11 ff
00 08 11 08
00 08 1e 00
00 08 11 00
00 08 12 ff
00 08 12 08
00 08 1e 00
00 08 12 00
00 08 13 ff
00 08 13 08
00 08 1e 00
00 08 13 00
00 08 14 ff
00 08 14 08
00 08 1e 00
00 08 14 00
00 08 15 ff
00 08 15 08
00 08 1e 00
00 08 15 00
00 08 16 ff
00 08 16 08
00 08 1e 00
00 08 16 00
00 08 17 ff
00 08 17 08
00 08 1e 00
00 08 17 00
00 08 19 ff
00 08 19 08
00 08 1e 00
00 08 19 00
00 08 1a ff
00 08 1a 08
00 08 1e 00
00 08 1a 00
9c 40 1e 00
00 20 18 08
4d 67 15 00
00 32 04 00
00 59 0b 00
00 2b 12 00
49 f6 17 00
00 c2 00 74
00 09 01 03
00 0d 04 00
00 c1 07 68
00 09 08 11
00 35 0b 00
00 bb 0e a1
00 09 0f 45
00 0d 12 00
4a 20 17 00
00 4d 00 74
00 31 01 03
00 0d 04 00
00 4c 07 68
00 09 08 11
00 0d 0b 00
00 6e 0e a1
00 09 0f 45
00 0d 12 00
4b 46 17 00
00 40 00 74
00 09 01 03
00 35 04 00
00 3f 07 68
00 09 08 11
00 0d 0b 00
00 61 0e a1
00 09 0f 45
00 0d 12 00
4b 69 17 00
00 40 00 74
00 09 01 03
00 35 04 00
00 3f 07 68
00 09 08 11
00 0d 0b 00
00 61 0e a1
00 09 0f 45
00 0d 12 00
4b 80 17 00
00 bf 05 0f
00 07 06 00
00 48 00 74
00 09 01 03
00 0d 04 00
00 a1 07 68
00 09 08 11
00 0d 0b 00
00 a6 0e a1
00 09 0f 45
00 0d 12 00
4a 2e 17 00
00 68 00 74
00 09 01 03
00 0d 04 00
00 3f 07 68
00 09 08 11
00 35 0b 00
00 39 0e a1
00 09 0f 45
00 0d 12 00
4b 7e 17 00
00 7c 05 00
00 09 06 a8
00 60 06 38
00 12 00 74
00 09 01 03
00 0d 04 09
00 95 07 68
00 09 08 11
00 0d 0b 00
00 af 0e a1
00 09 0f 45
00 0d 12 00
4a 73 17 00
01 08 05 0f
00 07 06 00
00 48 00 42
00 09 01 8b
00 0d 04 80
00 b8 07 68
00 09 08 11
00 0d 0b 00
00 b6 0e a1
00 09 0f 45
00 0d 12 00
49 c0 17 00
00 d5 02 00
00 09 03 88
00 0c 00 4f
00 09 01 0c
00 0d 04 40
00 67 07 68
00 09 08 11
00 0d 0b 00
00 61 0e a1
00 09 0f 45
00 0d 12 00
4a d4 17 00
00 7c 05 00
00 09 06 a8
00 38 06 68
00 12 00 4f
00 09 01 0c
00 0d 04 09
00 95 07 68
00 09 08 11
00 0d 0b 00
00 8f 0e a1
00 09 0f 45
00 0d 12 00
4a 7e 17 00
01 19 02 00
00 09 03 88
00 0c 00 42
00 09 01 8b
00 0d 04 81
00 82 07 68
00 09 08 11
00 0d 0b 00
00 54 0e a1
00 09 0f 45
00 35 12 00
4a 49 17 00
00 ec 05 0f
00 2f 06 00
00 20 00 4f
00 09 01 0c
00 0d 04 40
00 9f 0c 0f
00 07 0d 00
00 20 07 68
00 09 08 11
00 0d 0b 00
00 99 13 0f
00 07 14 00
00 48 0e a1
00 09 0f 45
00 0d 12 00
49 9a 17 00
00 a1 00 c5
00 09 01 09
00 0d 04 40
00 67 07 68
00 09 08 11
00 0d 0b 00
00 39 0e a1
00 09 0f 45
00 35 12 00
4b 1e 17 00
00 7c 05 00
00 09 06 a8
00 38 06 a8
00 3a 00 c5
00 09 01 09
00 0d 04 09
00 53 0c 09
00 09 0d a9
00 6d 07 68
00 09 08 11
00 0d 0b 09
00 75 13 08
00 09 14 a8
00 45 0e a1
00 31 0f 45
00 0d 12 09
49 db 17 00
01 1f 00 42
00 09 01 8b
00 0d 04 81
01 23 07 74
00 09 08 af
00 0d 0b 80
01 13 0e 74
00 09 0f af
00 0d 12 81
49 59 17 00
00 d5 02 00
00 09 03 88
00 0c 00 4f
00 09 01 0c
00 0d 04 41
00 f9 09 00
00 09 0a 88
00 0c 07 f7
00 09 08 0a
00 0d 0b 40
00 cb 10 00
00 09 11 88
00 0c 0e c5
00 31 0f 09
00 0d 12 41
49 86 17 00
00 cf 00 c5
00 09 01 09
00 0d 04 41
01 2f 09 40
00 09 0a 88
00 0c 07 43
00 09 08 03
00 0d 0b 40
01 1f 10 40
00 09 11 88
00 0c 0e e8
00 09 0f 06
00 0d 12 41
49 3d 17 00
00 bd 00 74
00 09 01 af
00 0d 04 80
00 a6 09 80
00 09 0a 88
00 0c 07 43
00 31 08 03
00 0d 0b 40
00 d9 10 80
00 09 11 88
00 0c 0e 5a
00 09 0f 04
00 0d 12 40
49 e6 17 00
01 15 05 0f
00 07 06 00
00 20 00 87
00 09 01 6e
00 0d 04 80
00 9c 07 43
00 09 08 03
00 0d 0b 40
00 cc 0e 74
00 09 0f 03
00 35 12 40
49 a9 17 00
00 a7 00 a1
00 09 01 45
00 0d 04 80
00 8b 09 c0
00 09 0a 88
00 0c 07 43
00 09 08 03
00 0d 0b 40
00 85 10 c0
00 09 11 88
00 0c 0e 74
00 09 0f 03
00 0d 12 40
4a a6 17 00
00 7c 05 00
00 09 06 a8
00 38 06 68
00 12 00 a1
00 31 01 45
00 0d 04 09
00 bf 09 00
00 09 0a 89
00 0c 07 43
00 09 08 03
00 0d 0b 40
00 b9 10 00
00 09 11 89
00 34 0e 74
00 09 0f 03
00 0d 12 40
49 c2 17 00
01 1f 00 42
00 09 01 8b
00 0d 04 81
00 b3 07 43
00 09 08 03
00 0d 0b 40
00 e3 0e 74
00 09 0f 03
00 0d 12 40
49 d0 17 00
00 fd 02 00
00 09 03 88
00 0c 00 4f
00 09 01 0c
00 0d 04 41
00 8b 09 40
00 09 0a 89
00 0c 07 43
00 09 08 03
00 0d 0b 40
00 85 10 40
00 09 11 89
00 0c 0e 74
00 09 0f 03
00 0d 12 40
4a 63 17 00
00 cf 00 c5
00 09 01 09
00 0d 04 41
00 b9 09 80
00 09 0a 89
00 0c 07 43
00 31 08 03
00 0d 0b 40
00 b3 10 80
00 09 11 89
00 0c 0e 74
00 09 0f 03
00 0d 12 40
49 f8 17 00
00 bd 00 74
00 09 01 af
00 0d 04 80
00 a6 09 c0
00 09 0a 89
00 0c 07 43
00 09 08 03
00 0d 0b 40
00 a0 10 c0
00 31 11 89
00 0c 0e 74
00 09 0f 03
00 0d 12 40
4a 2f 17 00
01 15 05 0f
00 07 06 00
00 20 00 87
00 09 01 6e
00 0d 04 80
00 98 07 43
00 09 08 03
00 0d 0b 40
00 90 13 0f
00 07 14 00
00 20 0e 74
00 09 0f 03
00 0d 12 40
49 e2 17 00
00 a7 00 a1
00 09 01 45
00 0d 04 80
00 91 09 00
00 09 0a 8a
00 0c 07 43
00 09 08 03
00 0d 0b 40
00 8b 10 00
00 09 11 8a
00 0c 0e 74
00 09 0f 03
00 0d 12 40
4a 8f 17 00
00 7c 05 00
00 09 06 a8
00 38 06 68
00 12 00 a1
00 09 01 45
00 0d 04 09
00 e1 09 40
00 09 0a 8a
00 0c 07 43
00 09 08 03
00 0d 0b 40
00 75 13 08
00 09 14 a8
00 45 0e 74
00 09 0f 03
00 0d 12 09
49 fa 17 00
01 1f 00 42
00 09 01 8b
00 0d 04 81
00 c1 07 43
00 09 08 03
00 0d 0b 40
01 13 0e 74
00 09 0f af
00 0d 12 81
49 95 17 00
00 fd 02 00
00 09 03 88
00 0c 00 4f
00 09 01 0c
00 0d 04 41
00 8b 09 80
00 09 0a 8a
00 0c 07 43
00 09 08 03
00 0d 0b 40
00 cb 10 00
00 31 11 88
00 0c 0e c5
00 09 0f 09
00 0d 12 41
49 cb 17 00
00 f7 00 c5
00 09 01 09
00 0d 04 41
00 b9 09 c0
00 09 0a 8a
00 0c 07 43
00 09 08 03
00 0d 0b 40
01 1f 10 40
00 09 11 88
00 0c 0e e8
00 09 0f 06
00 0d 12 41
49 b6 17 00
00 bd 00 74
00 09 01 af
00 0d 04 80
00 ac 09 00
00 09 0a 8b
00 0c 07 43
00 09 08 03
00 0d 0b 40
01 01 10 80
00 09 11 88
00 0c 0e 5a
00 09 0f 04
